1717 1.58
1150 0.64
1460 0.95
675 1.08
340 1.14
352 0.81
565 1.01
904 1.35
644 1.53
632 1.45
1218 1.72
979 1.65
1345 0.64
1171 1.01
1544 1.02
615 0.64
746 1.14
524 2.27
522 0.7
472 1.96
270 0.86
434 1.73
318 0.55
210 0.73
275 -0.4
256 1.62
265 2.63
109 0.88
125 1.4
158 1.14
118 1.02
204 0.81
263 0.35
197 0.45
185 0.64
117 0.45
257 0.88
279 1.3
275 0.73
212 0.88
100 0.95
146 2.2
127 0.64
176 0.23
329 0
414 -0.21
678 0.35
637 0.75
698 1.08
878 0.43
742 1.4
491 0.91
505 1.46
329 0
425 0.7
204 0.1
314 0.73
256 1.3
197 0
393 0.81
978 1.45
1370 0.91
1114 0.96
692 1.02
709 1.58
897 0.81
1404 1.22
1665 0.88
1890 0.73
1923 0.96
2033 0.55
1471 0.81
1348 0.75
1379 1.65
1740 1.58
1290 1.02
888 0.88
792 0
1077 1.45
1920 0.64
1332 1.08
1873 1.2
